19.159 426 849
19.1e4 625 823
19.213 426 854
19.21f 625 821
19.227 426 832
19.31f 113 820
19.378 150 875
19.3fa 365 807
19.43a 113 808
19.5a2 625 870
19.5ed 302 819
19.7c1 524 871
19.85d 524 645
19.882 658 841
19.889 625 868
19.8f1 365 805
19.b80 524 835
19.c03 426 860
19.c66 723 825
19.d67 113 874
19.e7c 337 812
19.f1c 80 842
19.f3d 524 833
19.fa4 150 831
19.1058 113 848
19.1155 113 826
19.11d1 302 827
19.11d6 723 817
19.1253 591 864
19.132e 80 869
19.13dc 365 846
19.1468 337 856
19.14af 426 836
19.14d2 591 811
19.15f9 426 866
19.1699 150 810
19.16db 524 867
19.171c 302 862
19.172f 392 816
19.17b3 690 48
19.1836 690 863
19.1919 426 391
19.19f3 212 857
19.1a73 182 858
19.1b1f 337 865
19.1b7a 723 815
19.1b99 723 288
19.1ba1 690 852
19.1bb4 625 828
19.1c4d 723 829
19.1cf1 302 851
19.1d3d 591 287
19.1dcc 625 102
19.1e8f 658 834
19.1e94 212 830
19.1fdf 658 255
